0 0.7953125 0.3296875 0.053125 0.125
0 0.78984375 0.5296875 0.05078125 0.13203125
0 0.61328125 0.68984375 0.0578125 0.125
0 0.71484375 0.76796875 0.06015625 0.12734375
0 0.79453125 0.75 0.05078125 0.125
0 0.3734375 0.740625 0.05546875 0.1296875
0 0.3546875 0.3953125 0.07421875 0.1515625
0 0.19140625 0.390625 0.06015625 0.12265625
0 0.2046875 0.571875 0.0484375 0.1109375
0 0.19921875 0.67421875 0.04296875 0.09375
0 0.3640625 0.85546875 0.05078125 0.1109375
0 0.8171875 0.41796875 0.0484375 0.125
0 0.771875 0.1671875 0.053125 0.084375
0 0.86796875 0.07109375 0.0578125 0.12734375