0 0.35546875 0.384375 0.09140625 0.15390625
0 0.1984375 0.39453125 0.06953125 0.15390625
0 0.25859375 0.5578125 0.06015625 0.10546875
0 0.3765625 0.5109375 0.05546875 0.0984375
0 0.4375 0.553125 0.02890625 0.0578125
0 0.6140625 0.6875 0.06015625 0.134375
0 0.69921875 0.765625 0.0625 0.13671875
0 0.7828125 0.7515625 0.06015625 0.13203125
0 0.7859375 0.540625 0.0625 0.15390625
0 0.646875 0.3859375 0.03359375 0.06953125
0 0.7703125 0.1546875 0.06015625 0.0984375
0 0.8609375 0.0671875 0.053125 0.134375
0 0.7875 0.32421875 0.06484375 0.134375
0 0.36328125 0.73046875 0.08203125 0.134375