0 0.290625 0.12265625 0.1296875 0.21640625
0 0.6859375 0.2078125 0.0984375 0.2328125
0 0.8296875 0.1046875 0.09140625 0.209375
0 0.9484375 0.4375 0.09375 0.23046875
0 0.73046875 0.69453125 0.0578125 0.115625
0 0.265625 0.6859375 0.13671875 0.24765625
0 0.29921875 0.5 0.0890625 0.16796875
0 0.1234375 0.4328125 0.0796875 0.14453125
0 0.4 0.4125 0.0359375 0.06953125
0 0.52890625 0.3890625 0.04296875 0.0765625
0 0.52421875 0.26796875 0.0484375 0.084375
0 0.53984375 0.0984375 0.05078125 0.08671875
0 0.54296875 0.1984375 0.04296875 0.0796875
0 0.55390625 0.47578125 0.040625 0.071875
0 0.54921875 0.83984375 0.040625 0.084375