0 0.71171875 0.23046875 0.0578125 0.14453125
0 0.790625 0.24765625 0.053125 0.1296875
0 0.37265625 0.26171875 0.0671875 0.1203125
0 0.20078125 0.60078125 0.06015625 0.15390625
0 0.35234375 0.6140625 0.07421875 0.15625
0 0.6453125 0.61640625 0.0359375 0.07421875
0 0.36875 0.4828125 0.0453125 0.08671875
0 0.4328125 0.4375 0.02890625 0.0484375
0 0.5140625 0.41484375 0.02890625 0.05546875
0 0.5265625 0.47265625 0.01953125 0.05546875
0 0.51953125 0.3421875 0.02890625 0.0453125
0 0.62109375 0.30625 0.06953125 0.146875
0 0.79296875 0.6671875 0.053125 0.146875
0 0.7703125 0.8296875 0.06015625 0.10546875
0 0.8609375 0.92734375 0.059375 0.1453125
0 0.7921875 0.46171875 0.05546875 0.14453125
0 0.53515625 0.23203125 0.0265625 0.06015625