0 0.9421875 0.18515625 0.1109375 0.3703125
0 0.94296875 0.784375 0.1140625 0.43125
0 0.5453125 0.74609375 0.0625 0.12265625
0 0.4359375 0.334375 0.05078125 0.1109375
0 0.359375 0.06953125 0.05546875 0.09609375
0 0.2609375 0.14296875 0.05078125 0.103125
0 0.171875 0.06953125 0.05546875 0.1390625
0 0.171875 0.46875 0.05078125 0.134375
0 0.27734375 0.53515625 0.05546875 0.11796875
0 0.228125 0.7484375 0.0671875 0.12265625
0 0.3375 0.865625 0.05078125 0.125
0 0.17421875 0.86171875 0.05078125 0.12734375
0 0.09375 0.90390625 0.0484375 0.125
0 0.109375 0.6453125 0.07421875 0.17578125
0 0.06484375 0.52734375 0.03359375 0.12265625
0 0.08671875 0.3859375 0.053125 0.0890625
0 0.228125 0.3125 0.0578125 0.1390625
0 0.4015625 0.44375 0.0484375 0.0984375
0 0.46640625 0.634375 0.053125 0.1296875