0 0.6203125 0.0734375 0.03828125 0.0984375
0 0.634375 0.2046875 0.03359375 0.10078125
0 0.66953125 0.353125 0.040625 0.1390625
0 0.5296875 0.3859375 0.0359375 0.1421875
0 0.66484375 0.540625 0.0453125 0.09140625
0 0.59375 0.41328125 0.053125 0.125
0 0.45703125 0.63359375 0.0484375 0.0890625
0 0.56484375 0.5203125 0.0484375 0.0984375
0 0.55625 0.84765625 0.040625 0.12734375
0 0.3453125 0.7515625 0.0359375 0.11796875
0 0.271875 0.90625 0.03828125 0.10078125
0 0.35 0.63125 0.06484375 0.084375
0 0.3015625 0.44609375 0.040625 0.12734375
0 0.365625 0.3546875 0.04296875 0.13671875
0 0.26328125 0.3234375 0.040625 0.13203125
0 0.33203125 0.14453125 0.04296875 0.1390625