0 0.4703125 0.10546875 0.0453125 0.10078125
0 0.48828125 0.46875 0.053125 0.1203125
0 0.39453125 0.57109375 0.053125 0.13203125
0 0.328125 0.81640625 0.0453125 0.12734375
0 0.23203125 0.7078125 0.0453125 0.07421875
0 0.30390625 0.93984375 0.03125 0.071875
0 0.3171875 0.4828125 0.053125 0.08203125
0 0.25703125 0.5359375 0.053125 0.08671875
0 0.3953125 0.1921875 0.0453125 0.09140625
0 0.353125 0.31875 0.03828125 0.07421875
0 0.2453125 0.43046875 0.053125 0.09140625
0 0.3609375 0.0265625 0.03828125 0.0484375
0 0.5046875 0.7234375 0.0671875 0.09609375
0 0.3453125 0.4109375 0.0359375 0.08203125