5 0.603125 0.421875 0.071875 0.21875
5 0.8890625 0.66953125 0.1109375 0.228125
5 0.49986765625 0.5299552359375 0.526933965625 0.49081118437500004 0.5406435765625 0.46993435781250004 0.55631170625 0.417742290625 0.5367265453125001 0.40469427343750003 0.5151828671875001 0.407303878125 0.48776364375 0.4360095140625 0.4818880984375 0.4673247546875 0.49986765625 0.5299552359375
5 0.558270221875 0.6265105578125 0.5817724140625 0.6552161953125 0.6091916375 0.652606590625 0.61898421875 0.6317297640625 0.6209427328125 0.6004145265624999 0.6091916375 0.5795377 0.5856894453125 0.55605126875 0.5406435765625 0.5403936484375 0.5151828671875001 0.5508320624999999 0.497908409375 0.5899761125 0.491680678125 0.621291353125 0.49363919218749996 0.64477778125 0.5073488046875 0.6578257984375 0.513224353125 0.6552161953125 0.52497545 0.6317297640625 0.5406435765625 0.61868175 0.558270221875 0.6265105578125
5 0.5700213171875 0.74133310625 0.5739383515625 0.678702625 0.5778553828125 0.647387384375 0.5700213171875 0.639558575 0.554353190625 0.642168178125 0.54297110625 0.636948971875 0.526933965625 0.6656546078125001 0.5171413874999999 0.7074082625 0.5073488046875 0.7465523125 0.491680678125 0.7935251734375 0.5014732578125 0.80918279375 0.52105841875 0.8196212062500001 0.55043615625 0.777867553125 0.5700213171875 0.74133310625
5 0.5758968656250001 0.8378884296875 0.5445606109375001 0.8352788265625 0.526933965625 0.85354605 0.5155416374999999 0.9005189093749999 0.5661042859375 0.90834771875 0.5993990578124999 0.90834771875 0.6209427328125 0.9057381156250001 0.62681828125 0.8926900984374999 0.6209427328125 0.8639844640625001 0.60527460625 0.8431076375 0.5758968656250001 0.8378884296875
5 0.6464034421875 0.670873815625 0.634652346875 0.64477778125 0.62290125 0.64477778125 0.6033160890625 0.6578257984375 0.5954820265625 0.6604354015625 0.593523509375 0.74133310625 0.5954820265625 0.8013539828124999 0.597440540625 0.8274500171874999 0.611150153125 0.8326692234375 0.634652346875 0.8248404140625001 0.6522789906249999 0.788305965625 0.6503204734375 0.7361138984375 0.6464034421875 0.670873815625
5 0.7071174375 0.8900804953125 0.7090759546875 0.8665940671874999 0.711034471875 0.8352788265625 0.7071174375 0.7935251734375 0.7169100171875 0.7596003296875 0.7267025984375 0.7230658828125 0.72474408125 0.686531434375 0.7012418890625 0.670873815625 0.68949079375 0.67348341875 0.6757811828125 0.686531434375 0.6624852109375 0.743942709375 0.6542375046875 0.7622099328124999 0.6503204734375 0.78047715625 0.6503204734375 0.8300596203125 0.6522789906249999 0.8587652578125 0.6757811828125 0.8952997015624999 0.6953663406249999 0.8926900984374999 0.7071174375 0.8900804953125
5 0.732578146875 0.9057381156250001 0.7599973703125 0.9005189093749999 0.767831434375 0.856155653125 0.7737069812499999 0.8196212062500001 0.7776240140625 0.7622099328124999 0.7462877578125 0.720456278125 0.7290996328125 0.7152370718750001 0.72082705 0.7282850890625 0.72082705 0.74133310625 0.7129929859375 0.7700387421875 0.70320040625 0.8196212062500001 0.70320040625 0.8639844640625001 0.711034471875 0.8926900984374999 0.732578146875 0.9057381156250001
5 0.7854580796875 0.6630450046874999 0.80112620625 0.6499969875 0.8070017546875 0.616072146875 0.8089602687499999 0.5899761125 0.7815410453125 0.576928096875 0.7345366609374999 0.5743184921875 0.6855737625 0.5743184921875 0.6350557453125 0.587366509375 0.6287767984375 0.6004145265624999 0.6287767984375 0.610852940625 0.6326938296875 0.6317297640625 0.656196021875 0.6578257984375 0.699283371875 0.6656546078125001 0.7443292421875001 0.6682642109375 0.7854580796875 0.6630450046874999
5 0.711034471875 0.5299552359375 0.7071174375 0.49342078906250003 0.6973248578125 0.46210554843749996 0.6836152453125 0.44122872187500006 0.66640370625 0.43079030781250005 0.6542375046875 0.4255711015625 0.6542375046875 0.44905753125 0.656196021875 0.482982375 0.660113053125 0.5064688046875 0.681656728125 0.548222459375 0.711034471875 0.548222459375 0.711034471875 0.5299552359375
5 0.78741659375 0.3916462578125 0.7893751109375 0.352502209375 0.7776240140625 0.3368445890625 0.7643660890625 0.3368445890625 0.7286611125 0.3707694328125 0.70320040625 0.417742290625 0.7012418890625 0.4725439609375 0.7071174375 0.5038592015625001 0.7267025984375 0.514297615625 0.7521633046875 0.48820158124999996 0.771748465625 0.43079030781250005 0.78741659375 0.3916462578125
5 0.8540061375000001 0.329015778125 0.8363794921875 0.3159677625 0.8324624609375 0.3159677625 0.816794334375 0.3159677625 0.7976733 0.3107485546875 0.799167690625 0.35772141562500004 0.799167690625 0.40469427343750003 0.80112620625 0.43079030781250005 0.816794334375 0.43861911718749996 0.8402965265625 0.41252308437499996 0.8559646531249999 0.383817446875 0.8540061375000001 0.35772141562500004 0.8540061375000001 0.329015778125
5 0.7893751109375 0.558660871875 0.8109187859375 0.54561285625 0.8246283984374999 0.5325648390625 0.838338009375 0.509078409375 0.8402965265625 0.485591978125 0.838338009375 0.4647151515625 0.8324624609375 0.4594959453125 0.8192250234375 0.44383832500000003 0.7893751109375 0.46993435781250004 0.7756654968750001 0.485591978125 0.7599973703125 0.5012495984374999 0.7423707265624999 0.522126425 0.736495178125 0.5508320624999999 0.750204790625 0.5638800796875 0.76587291875 0.5664896828125 0.7893751109375 0.558660871875
5 0.9029690390624999 0.42818070468749997 0.9245127140625 0.3759886375 0.9343052953125 0.3420637953125 0.9264712312500001 0.3159677625 0.90739116875 0.3107485546875 0.8990520078124999 0.313358159375 0.8696742671875001 0.36033101875 0.8598816875 0.389036653125 0.8540061375000001 0.407303878125 0.8559646531249999 0.43079030781250005 0.883383878125 0.43861911718749996 0.889259425 0.43861911718749996 0.9029690390624999 0.42818070468749997
5 0.9323467781250001 0.519516821875 0.9328613875 0.44383832500000003 0.883383878125 0.46210554843749996 0.8540061375000001 0.4647151515625 0.8481305890625 0.485591978125 0.8559646531249999 0.514297615625 0.883383878125 0.524736028125 0.9029690390624999 0.524736028125 0.9245127140625 0.519516821875 0.9323467781250001 0.519516821875
5 0.8050432375 0.7987443796875 0.7834995625000001 0.8013539828124999 0.7697899500000001 0.8196212062500001 0.7697899500000001 0.8665940671874999 0.7819993171874999 0.9031285125 0.8070017546875 0.9031285125 0.838338009375 0.8979093046875001 0.838338009375 0.8926900984374999 0.8363794921875 0.8744228749999999 0.8324624609375 0.8404980343749999 0.8265869140625 0.817011603125 0.8050432375 0.7987443796875
5 0.8540061375000001 0.9057381156250001 0.9015134249999999 0.9057381156250001 0.8814253624999999 0.8665940671874999 0.8598816875 0.8326692234375 0.8442135578125001 0.8196212062500001 0.8265869140625 0.8196212062500001 0.8246283984374999 0.8639844640625001 0.8344209781249999 0.8926900984374999 0.8442135578125001 0.9031285125 0.8540061375000001 0.9057381156250001
5 0.9068860703125001 0.7674291390625 0.88534239375 0.743942709375 0.86379871875 0.74133310625 0.838338009375 0.74133310625 0.8148358171875 0.749161915625 0.7996325484375 0.7856963625 0.8128773 0.8039635859375001 0.8246283984374999 0.8248404140625001 0.8579231703125 0.8222308093749999 0.8951349734375 0.817011603125 0.9029690390624999 0.811792396875 0.9088445859375 0.7856963625 0.9068860703125001 0.7674291390625