5 0.37890625 0.64296875 0.06484375 0.05546875
5 0.459375 0.69921875 0.04296875 0.03828125
5 0.4109375 0.71640625 0.071875 0.0484375
5 0.38203125 0.75390625 0.0625 0.05546875
5 0.8609375 0.7125 0.03359375 0.040625
5 0.8234375 0.67421875 0.0265625 0.0359375
5 0.84765625 0.665625 0.040625 0.03828125
5 0.80625 0.63125 0.0453125 0.040625
5 0.7078125 0.5671875 0.0265625 0.04296875
5 0.7671875 0.56484375 0.03359375 0.03828125
5 0.73671875 0.5484375 0.0265625 0.0484375
5 0.71484375 0.5453125 0.03125 0.03828125
5 0.7046875 0.51796875 0.03359375 0.040625
5 0.69453125 0.48046875 0.02421875 0.03828125
5 0.728125 0.4390625 0.04296875 0.03125
5 0.7390625 0.478125 0.0265625 0.03828125