5 0.44140625 0.8015625 0.084375 0.06953125
5 0.31015625 0.72734375 0.1109375 0.0796875
5 0.3453125 0.8328125 0.0796875 0.07421875
5 0.29921875 0.87890625 0.084375 0.05546875
5 0.7875 0.47734375 0.0359375 0.06015625
5 0.79921875 0.53515625 0.05546875 0.06953125
5 0.79921875 0.61328125 0.06484375 0.0671875
5 0.88828125 0.6 0.06015625 0.0796875
5 0.95078125 0.7015625 0.05078125 0.0671875
5 0.98046875 0.75859375 0.03828125 0.06953125
5 0.8234375 0.4640625 0.040625 0.0484375
5 0.8375 0.4234375 0.0453125 0.0765625