5 0.375 0.24375 0.053125 0.05078125
5 0.41328125 0.27890625 0.0578125 0.04296875
5 0.4640625 0.28984375 0.0765625 0.05078125
5 0.38203125 0.3546875 0.0765625 0.06015625
5 0.83984375 0.2875 0.040625 0.05078125
5 0.696875 0.40234375 0.02890625 0.0453125
5 0.7609375 0.4171875 0.0265625 0.0453125
5 0.70078125 0.4625 0.0265625 0.0359375
5 0.68359375 0.50390625 0.06015625 0.0453125
5 0.81484375 0.32109375 0.0484375 0.0359375
5 0.79453125 0.35703125 0.0359375 0.0453125
5 0.73671875 0.49765625 0.0265625 0.03359375
5 0.72265625 0.53359375 0.03125 0.03359375