5 0.390625 0.64453125 0.05546875 0.04296875
5 0.46015625 0.6828125 0.05078125 0.0484375
5 0.4046875 0.703125 0.05078125 0.05546875
5 0.38125 0.73046875 0.05078125 0.04296875
5 0.6703125 0.50703125 0.03828125 0.03828125
5 0.68515625 0.5421875 0.0484375 0.0265625
5 0.68515625 0.59140625 0.03828125 0.04296875
5 0.6984375 0.571875 0.0265625 0.02890625
5 0.740625 0.5921875 0.03359375 0.0359375
5 0.7828125 0.64765625 0.05078125 0.040625
5 0.79921875 0.68125 0.0453125 0.03125
5 0.834375 0.7171875 0.02890625 0.0265625
5 0.7046875 0.4671875 0.02890625 0.0359375
5 0.709375 0.5 0.0484375 0.04296875