0 0.87109375 0.22734375 0.12734375 0.38671875
0 0.86328125 0.740625 0.1390625 0.35546875
0 0.525 0.73046875 0.06015625 0.10546875
0 0.4484375 0.625 0.05546875 0.1390625
0 0.4484375 0.3703125 0.0453125 0.10078125
0 0.3859375 0.13828125 0.05546875 0.103125
0 0.40234375 0.45078125 0.0359375 0.09375
0 0.41484375 0.890625 0.0453125 0.12265625
0 0.36328125 0.8078125 0.04296875 0.10546875
0 0.2765625 0.6984375 0.0484375 0.12265625
0 0.2875 0.53828125 0.05546875 0.10078125
0 0.30078125 0.415625 0.0484375 0.1203125
0 0.31015625 0.2125 0.04296875 0.09375
0 0.23046875 0.15 0.0484375 0.12265625
0 0.16484375 0.6109375 0.05078125 0.1203125
0 0.1203125 0.78984375 0.03828125 0.11328125
0 0.1671875 0.8296875 0.040625 0.10546875
0 0.23046875 0.8015625 0.0484375 0.1078125
0 0.12890625 0.51796875 0.03125 0.09375
0 0.11328125 0.36875 0.03359375 0.1078125
0 0.2640625 0.3421875 0.0484375 0.1078125
0 0.1546875 0.2828125 0.0359375 0.084375
0 0.165625 0.1296875 0.03828125 0.09609375
