0 0.8546875 0.265625 0.1421875 0.3921875
0 0.88203125 0.7875 0.1296875 0.38671875
0 0.53359375 0.265625 0.053125 0.11328125
0 0.26328125 0.27890625 0.05078125 0.08671875
0 0.28359375 0.44609375 0.053125 0.09375
0 0.19609375 0.5046875 0.0453125 0.1109375
0 0.1265625 0.47109375 0.0359375 0.10546875
0 0.2296875 0.8609375 0.0453125 0.10546875
0 0.28984375 0.7859375 0.040625 0.09140625
0 0.3703125 0.86171875 0.0484375 0.084375
0 0.19140625 0.96640625 0.05078125 0.0671875
0 0.1078125 0.6234375 0.02890625 0.1078125
0 0.15859375 0.37109375 0.04296875 0.11328125
0 0.15625 0.165625 0.04296875 0.10078125
0 0.365625 0.17578125 0.04296875 0.10546875
0 0.2453125 0.640625 0.0484375 0.11328125
0 0.43046875 0.61875 0.03828125 0.0984375
0 0.39765625 0.5296875 0.0359375 0.0796875
